%YAML:1.0
cameras:
     - {T_SC:
        [ -0.03018801606640492, -0.9995293790885456, -0.005450139891936323, 0.01622829725966072,
          0.13681661938907935, 0.0012692595190755829, -0.9905955792548329, 0.06812628045114104,
          0.990136301902379, -0.030649784977066885, 0.136713914200206, 0.20306609459094574,
           0.0, 0.0, 0.0, 1.0],
        image_dimension: [640, 480],
        distortion_coefficients: [-0.21488918010485486, 0.028977904787927417, 0.0033419797082425893,
    -0.0011236262722264406],
        distortion_type: radialtangential,
        focal_length: [290.1785709103493, 289.6687720786035],
        principal_point: [324.64232107543944, 226.50132372675924]}

     - {T_SC:
        [ 0.02108792687239408, -0.9996969961735004, -0.012697054064032653, -0.05303616225360023,
          0.13327163185836388, 0.015397359760054463, -0.9909599353426093, 0.06836620435011083,
          0.9908551717996094, 0.019205133535069863, 0.13355594844059498, 0.204685208206262,
           0.0, 0.0, 0.0, 1.0],
        image_dimension: [640, 480],
        distortion_coefficients: [-0.22286109700557694, 0.03181065499520873, 0.003395511756993589,
    0.0007159257521993044],
        distortion_type: radialtangential,
        focal_length: [290.9800678560596, 290.4986157733677],
        principal_point: [310.90360843703115, 220.78232296274686]}


camera_params:
    camera_rate: 30 # just to manage the expectations of when there should be frames arriving
    sigma_absolute_translation: 0.0 # The standard deviation of the camera extrinsics translation, e.g. 1.0e-10 for online-calib [m].
    sigma_absolute_orientation: 0.0 # The standard deviation of the camera extrinsics orientation, e.g. 1.0e-3 for online-calib [rad].
    sigma_c_relative_translation: 0.0 # The std. dev. of the cam. extr. transl. change between frames, e.g. 1.0e-6 for adaptive online calib (not less for numerics) [m].
    sigma_c_relative_orientation: 0.0 # The std. dev. of the cam. extr. orient. change between frames, e.g. 1.0e-6 for adaptive online calib (not less for numerics) [rad].
    timestamp_tolerance: 0.005 # [s] stereo frame out-of-sync tolerance

imu_params:
    a_max: 176.0 # acceleration saturation [m/s^2]
    g_max: 7.8 # gyro saturation [rad/s]
    sigma_g_c: 12.0e-4 # gyro noise density [rad/s/sqrt(Hz)]
    sigma_a_c: 8.0e-3 # accelerometer noise density [m/s^2/sqrt(Hz)]
    sigma_bg: 0.03 # gyro bias prior [rad/s]
    sigma_ba: 0.1 # accelerometer bias prior [m/s^2]
    sigma_gw_c: 4.0e-6 # gyro drift noise density [rad/s^s/sqrt(Hz)]
    sigma_aw_c: 4.0e-5 # accelerometer drift noise density [m/s^2/sqrt(Hz)]
    tau: 3600.0 # reversion time constant, currently not in use [s]
    g: 9.81007 # Earth's acceleration due to gravity [m/s^2]
    a0: [ 0.0, 0.0, 0.0 ] # Accelerometer bias [m/s^2]
    imu_rate: 500
    # tranform Body-Sensor (IMU)
    T_BS:
        [1.0000, 0.0000, 0.0000, 0.0000,
         0.0000, 1.0000, 0.0000, 0.0000,
         0.0000, 0.0000, 1.0000, 0.0000,
         0.0000, 0.0000, 0.0000, 1.0000]

# Estimator parameters
numKeyframes: 5 # number of keyframes in optimisation window
numImuFrames: 3 # number of frames linked by most recent nonlinear IMU error terms

# ceres optimization options
ceres_options:
    minIterations: 3   # minimum number of iterations always performed
    maxIterations: 10  # never do more than these, even if not converged
    timeLimit: 0.035   # [s] negative values will set the an unlimited time limit

# detection
detection_options:
    threshold: 40.0      # detection threshold. By default the uniformity radius in pixels
    octaves: 0           # number of octaves for detection. 0 means single-scale at highest resolution
    maxNoKeypoints: 400  # restrict to a maximum of this many keypoints per image (strongest ones)

# delay of images [s]:
imageDelay: 0.0  # in case you are using a custom setup, you will have to calibrate this. 0 for the VISensor.

# display debug images?
displayImages: true  # displays debug video and keyframe matches. May be slow.

# use direct driver
useDriver: true 

# some options for how and what to publish -- optional in ROS-free version
publishing_options:
    publish_rate: 200                  # rate at which odometry updates are published only works properly if imu_rate/publish_rate is an integer!!
    publishLandmarks: treu             # select, if you want to publish landmarks at all
    landmarkQualityThreshold: 1.0e-2   # landmark with lower quality will not be published
    maximumLandmarkQuality: 0.05       # landmark with higher quality will be published with the maximum colour intensity
    maxPathLength: 20                  # maximum length of the published path
    publishImuPropagatedState: true    # Should the state that is propagated with IMU messages be published? Or just the optimized ones?
    # provide custom World frame Wc
    T_Wc_W:
        [1.0000, 0.0000, 0.0000, 0.0000,
         0.0000, 1.0000, 0.0000, 0.0000,
         0.0000, 0.0000, 1.0000, 0.0000,
         0.0000, 0.0000, 0.0000, 1.0000]
    trackedBodyFrame: B                # B or S, the frame of reference that will be expressed relative to the selected worldFrame
    velocitiesFrame: Wc                # Wc, B or S,  the frames in which the velocities of the selected trackedBodyFrame will be expressed in
