%YAML:1.0
cameras:
     - {T_SC:
        [ -0.01359956, -0.99995135, 0.01059873, 0.6916772,
          0.99961974, -0.01384917, -0.084474, -0.1224305,
          0.02398798, 0.01027042, 0.99965949, -0.3234658,
           0.0, 0.0, 0.0, 1.0],
        image_dimension: [752, 480],
        distortion_coefficients: [0.00762366, -0.6400531, 0.0355798, 0.00837485],
        distortion_type: radialtangential,
        focal_length: [3.6220059643202876e+02, 3.6350065250745848e+02],
        principal_point: [4.0658699068023441e+02, 2.3435161110061483e+02]}

     - {T_SC:
        [ 0.0125552670891, -0.999755099723, 0.0182237714554, -0.0198435579556,
          0.999598781151, 0.0130119051815, 0.0251588363115, 0.0453689425024,
          -0.0253898008918, 0.0179005838253, 0.999517347078, 0.00786212447038,
           0.0, 0.0, 0.0, 1.0],
        image_dimension: [752, 480],
        distortion_coefficients: [0.00762366, -0.6400531, 0.0355798, 0.00837485],
        distortion_type: radialtangential,
        focal_length: [3.6514014888558478e+02, 3.6513385298966961e+02],
        principal_point: [3.8932395100630907e+02, 2.3495160212312547e+02]}


camera_params:
    camera_rate: 20 # just to manage the expectations of when there should be frames arriving
    sigma_absolute_translation: 0.0 # The standard deviation of the camera extrinsics translation, e.g. 1.0e-10 for online-calib [m].
    sigma_absolute_orientation: 0.0 # The standard deviation of the camera extrinsics orientation, e.g. 1.0e-3 for online-calib [rad].
    sigma_c_relative_translation: 0.0 # The std. dev. of the cam. extr. transl. change between frames, e.g. 1.0e-6 for adaptive online calib (not less for numerics) [m].
    sigma_c_relative_orientation: 0.0 # The std. dev. of the cam. extr. orient. change between frames, e.g. 1.0e-6 for adaptive online calib (not less for numerics) [rad].
    timestamp_tolerance: 0.005 # [s] stereo frame out-of-sync tolerance

imu_params:
    a_max: 176.0 # acceleration saturation [m/s^2]
    g_max: 7.8 # gyro saturation [rad/s]
    sigma_g_c: 0.0010848026158819934 # gyro noise density [rad/s/sqrt(Hz)]
    sigma_a_c: 0.016925432397973516 # accelerometer noise density [m/s^2/sqrt(Hz)]
    sigma_bg: 0.000023404834136742844 # gyro bias prior [rad/s]
    sigma_ba: 0.00019031356589714596 # accelerometer bias prior [m/s^2]
    sigma_gw_c: 4.0e-6 # gyro drift noise density [rad/s^s/sqrt(Hz)]
    sigma_aw_c: 4.0e-5 # accelerometer drift noise density [m/s^2/sqrt(Hz)]
    tau: 3600.0 # reversion time constant, currently not in use [s]
    g: 9.7967  # Earth's acceleration due to gravity [m/s^2]
    a0: [ 0.0, 0.0, 0.0 ] # Accelerometer bias [m/s^2]
    imu_rate: 200
    # tranform Body-Sensor (IMU)
    T_BS:
        [1.0000, 0.0000, 0.0000, 0.0000,
         0.0000, 1.0000, 0.0000, 0.0000,
         0.0000, 0.0000, 1.0000, 0.0000,
         0.0000, 0.0000, 0.0000, 1.0000]

# Estimator parameters
numKeyframes: 5 # number of keyframes in optimisation window
numImuFrames: 3 # number of frames linked by most recent nonlinear IMU error terms

# ceres optimization options
ceres_options:
    minIterations: 3   # minimum number of iterations always performed
    maxIterations: 10  # never do more than these, even if not converged
    timeLimit: 0.035   # [s] negative values will set the an unlimited time limit

# detection
detection_options:
    threshold: 40.0      # detection threshold. By default the uniformity radius in pixels
    octaves: 0           # number of octaves for detection. 0 means single-scale at highest resolution
    maxNoKeypoints: 400  # restrict to a maximum of this many keypoints per image (strongest ones)

# delay of images [s]:
imageDelay: -0.00329550429615  # in case you are using a custom setup, you will have to calibrate this. 0 for the VISensor.

# display debug images?
displayImages: true  # displays debug video and keyframe matches. May be slow.

# use direct driver
useDriver: true 

# some options for how and what to publish -- optional in ROS-free version
publishing_options:
    publish_rate: 200                  # rate at which odometry updates are published only works properly if imu_rate/publish_rate is an integer!!
    publishLandmarks: treu             # select, if you want to publish landmarks at all
    landmarkQualityThreshold: 1.0e-2   # landmark with lower quality will not be published
    maximumLandmarkQuality: 0.05       # landmark with higher quality will be published with the maximum colour intensity
    maxPathLength: 20                  # maximum length of the published path
    publishImuPropagatedState: true    # Should the state that is propagated with IMU messages be published? Or just the optimized ones?
    # provide custom World frame Wc
    T_Wc_W:
        [1.0000, 0.0000, 0.0000, 0.0000,
         0.0000, 1.0000, 0.0000, 0.0000,
         0.0000, 0.0000, 1.0000, 0.0000,
         0.0000, 0.0000, 0.0000, 1.0000]
    trackedBodyFrame: B                # B or S, the frame of reference that will be expressed relative to the selected worldFrame
    velocitiesFrame: Wc                # Wc, B or S,  the frames in which the velocities of the selected trackedBodyFrame will be expressed in

